
ij_court_code  %grantrate
-------------------------
65		100.00
90		100.00
129		100.00
161		100.00
415		100.00
418		100.00
570		100.00
579		100.00
584		100.00
586		100.00
598		100.00
601		100.00
614		100.00
615		100.00
621		100.00
638		100.00
661		100.00
678		100.00
688		100.00
692		100.00
797		100.00
826		100.00
833		100.00
863		100.00
879		100.00
880		100.00
896		100.00
924		100.00
940		100.00
953		100.00
1000		100.00
1003		100.00
1019		100.00
1028		100.00
1074		100.00
1140		100.00
1160		100.00
1164		100.00
1165		100.00
1378		100.00
1452		100.00
1462		100.00
1483		100.00
1509		100.00
1513		100.00
1547		100.00
1622		100.00
1629		100.00
1638		100.00
1677		100.00
1699		100.00
1704		100.00
1758		100.00
1792		100.00
1808		100.00
1830		100.00
1994		100.00
2006		100.00
2034		100.00
2118		100.00
2132		100.00
2176		100.00
2229		100.00
2247		100.00
2248		100.00
2277		100.00
2332		100.00
2352		100.00
2410		100.00
2479		100.00
2598		100.00
2635		100.00
2669		100.00
2700		100.00
2728		100.00
2780		100.00
2865		100.00
2929		100.00
2944		100.00
2972		100.00
3021		100.00
3070		100.00
3079		100.00
3121		100.00
3372		100.00
3376		100.00
3442		100.00
3447		100.00
3467		100.00
3495		100.00
3523		100.00
3542		100.00
3600		100.00
3668		100.00
3671		100.00
3809		100.00
3873		100.00
3888		100.00
3918		100.00
3962		100.00
3989		100.00
4031		100.00
3565		93.75
4016		92.31
2305		90.91
1739		90.42
1544		88.89
2707		88.89
3507		88.89
2765		87.88
3018		87.80
580		86.67
1683		86.67
620		85.71
1366		85.71
2903		85.71
3162		85.71
3672		85.71
2867		84.62
2617		84.24
3598		84.04
1450		83.33
2825		83.33
3567		83.33
1693		82.14
232		81.74
3808		80.30
350		80.00
576		80.00
577		80.00
1050		80.00
1220		80.00
1540		80.00
1200		78.88
12		77.78
1918		77.78
2953		77.78
2276		77.16
4033		76.19
3389		75.85
3692		75.78
569		75.00
682		75.00
1007		75.00
1324		75.00
1940		75.00
2015		75.00
2125		75.00
2823		75.00
2999		75.00
3491		75.00
3588		75.00
3153		74.83
362		74.22
4030		73.79
2840		73.25
1937		72.73
2917		72.73
436		71.43
2032		71.43
1002		71.09
3785		69.28
3346		69.15
2932		69.00
3566		68.52
2183		68.38
384		68.16
761		67.90
2140		67.73
20		67.57
2233		67.04
100		66.67
720		66.67
752		66.67
827		66.67
1004		66.67
1025		66.67
1162		66.67
1246		66.67
2117		66.67
2123		66.67
2286		66.67
2287		66.67
2639		66.67
2743		66.67
2803		66.67
2951		66.67
3053		66.67
3983		66.67
4001		66.67
4040		66.67
4045		66.67
269		66.21
323		66.12
959		66.09
1254		65.11
3657		64.86
1621		64.44
2888		63.89
2378		63.34
894		63.22
2283		63.16
3670		63.03
1454		62.90
1685		62.86
2488		62.50
2573		62.50
2954		62.50
3298		62.50
2282		61.67
3857		61.54
538		61.46
937		61.18
1506		61.03
1315		60.45
1934		60.30
444		60.14
719		60.10
212		60.00
458		60.00
578		60.00
616		60.00
890		60.00
914		60.00
1428		60.00
1453		60.00
1947		60.00
2048		60.00
2272		60.00
2296		60.00
2607		60.00
2640		60.00
2701		60.00
3294		60.00
3735		60.00
2806		59.43
1013		59.37
91		59.35
1690		58.90
3341		58.44
2244		58.42
2027		58.33
876		58.13
2242		57.89
3893		57.79
4006		57.58
1723		57.51
3240		57.27
2766		57.23
363		57.14
566		57.14
635		57.14
898		57.14
917		57.14
1446		57.14
1847		57.14
2297		57.14
2313		57.14
2830		57.14
3144		57.14
3803		57.14
479		56.72
1769		56.56
2522		56.44
1806		56.25
702		56.14
315		55.56
1026		55.56
1349		55.56
1684		55.56
2193		55.56
2552		55.56
2987		55.56
2989		55.56
3736		55.56
2925		55.47
3297		55.41
889		55.32
3539		55.29
66		55.22
3496		55.14
2040		55.00
2686		55.00
2872		54.77
109		54.61
973		54.57
907		54.55
3958		54.55
95		54.38
1524		54.05
2056		53.85
527		53.68
3821		53.68
2097		53.27
1496		53.06
1266		52.88
2714		52.74
2633		52.38
2868		52.38
481		52.31
2767		52.23
1072		52.17
3564		52.17
193		52.16
3130		52.05
3093		51.89
2891		51.72
1717		51.61
1139		51.60
3135		51.35
859		51.12
3004		51.11
1105		50.85
3315		50.82
3081		50.42
1447		50.40
3797		50.33
2772		50.25
7		50.00
68		50.00
122		50.00
188		50.00
199		50.00
298		50.00
353		50.00
385		50.00
408		50.00
568		50.00
582		50.00
591		50.00
619		50.00
674		50.00
685		50.00
707		50.00
712		50.00
762		50.00
773		50.00
821		50.00
831		50.00
832		50.00
901		50.00
921		50.00
925		50.00
947		50.00
949		50.00
1021		50.00
1024		50.00
1049		50.00
1055		50.00
1080		50.00
1113		50.00
1114		50.00
1231		50.00
1244		50.00
1305		50.00
1328		50.00
1398		50.00
1415		50.00
1431		50.00
1449		50.00
1579		50.00
1591		50.00
1611		50.00
1625		50.00
1671		50.00
1766		50.00
1779		50.00
1845		50.00
1864		50.00
1876		50.00
1917		50.00
1991		50.00
2038		50.00
2124		50.00
2162		50.00
2200		50.00
2252		50.00
2254		50.00
2275		50.00
2278		50.00
2304		50.00
2308		50.00
2324		50.00
2511		50.00
2544		50.00
2580		50.00
2600		50.00
2691		50.00
2692		50.00
2696		50.00
2729		50.00
2731		50.00
2798		50.00
2841		50.00
2884		50.00
2936		50.00
2957		50.00
2986		50.00
2991		50.00
2994		50.00
3010		50.00
3011		50.00
3017		50.00
3032		50.00
3142		50.00
3170		50.00
3260		50.00
3336		50.00
3337		50.00
3439		50.00
3643		50.00
3709		50.00
3749		50.00
3819		50.00
3860		50.00
4005		50.00
4010		50.00
4014		50.00
3527		49.98
1268		49.25
560		49.18
1077		49.15
3267		49.02
2733		48.92
3520		48.88
2819		48.82
3796		48.44
800		48.39
1451		47.80
2079		47.73
2270		47.38
567		47.37
1925		47.14
1986		47.06
4070		46.73
2407		46.71
3534		46.67
1197		46.63
916		46.63
2294		46.47
2915		46.30
111		46.15
2113		46.15
2235		46.15
2326		46.15
3213		46.15
798		46.12
3998		45.83
3398		45.61
382		45.45
1269		45.45
1891		45.45
2808		45.45
801		45.00
1535		45.00
3078		45.00
2435		44.80
470		44.44
695		44.44
866		44.44
1482		44.44
1632		44.44
2735		44.44
2163		44.34
3574		44.33
380		44.29
387		44.06
3301		44.00
2179		43.75
4004		43.71
1014		43.60
3265		43.50
1374		43.38
308		43.27
1680		43.07
2507		43.01
378		42.86
1439		42.86
1692		42.86
2683		42.86
2863		42.86
3077		42.86
3963		42.86
698		42.81
413		42.59
794		42.55
2175		42.53
2934		42.47
216		42.42
1554		42.31
2762		42.18
552		42.11
1912		42.11
3859		42.11
3924		42.11
3941		42.05
2956		41.94
1555		41.78
297		41.67
878		41.67
2261		41.67
2744		41.67
3115		41.67
3311		41.67
4066		41.67
2174		41.60
1782		41.57
1470		41.49
1261		41.44
2958		41.38
642		41.38
3015		41.30
772		41.29
1045		40.92
48		40.85
2756		40.84
676		40.79
3553		40.67
209		40.66
563		40.54
857		40.38
1663		40.30
3763		40.20
2816		40.05
517		40.02
559		40.00
847		40.00
918		40.00
1171		40.00
1402		40.00
1799		40.00
1804		40.00
1883		40.00
2051		40.00
2160		40.00
2161		40.00
2554		40.00
2658		40.00
2688		40.00
2795		40.00
2812		40.00
3009		40.00
3066		40.00
3074		40.00
3083		40.00
3314		40.00
3997		40.00
3999		40.00
3996		39.96
3245		39.95
3557		39.89
822		39.83
52		39.76
3189		39.73
790		39.70
1886		39.66
2042		39.51
671		39.47
1020		39.47
1348		39.42
556		39.34
2942		39.34
1436		39.29
1457		38.89
1463		38.89
1475		38.78
2672		38.75
2054		38.46
2321		38.46
1367		38.31
2499		38.25
553		38.24
506		38.13
3300		38.10
183		37.74
153		37.70
2699		37.61
1340		37.50
1669		37.50
1673		37.50
2166		37.50
2667		37.50
3193		37.50
3305		37.50
3462		37.50
4046		37.50
2750		37.21
1587		37.04
2636		37.04
3512		37.04
1896		36.96
3875		36.89
1443		36.84
2168		36.84
2947		36.84
2440		36.73
3128		36.70
565		36.67
1630		36.67
2545		36.67
2529		36.65
3448		36.59
2092		36.43
1156		36.36
1473		36.36
2450		36.36
2764		36.36
3082		36.36
3343		36.36
3952		36.36
492		36.35
1376		36.35
1017		36.27
2571		36.21
1082		36.14
392		36.13
2715		36.11
1628		35.93
3663		35.90
1427		35.79
2280		35.71
2746		35.71
2889		35.71
1800		35.56
641		35.52
523		35.38
1043		35.29
1069		35.26
1051		35.26
1794		35.24
89		35.16
2918		34.78
3012		34.78
3328		34.67
1866		34.53
3927		34.46
2329		34.38
2452		34.37
3028		34.14
1131		34.07
2188		33.91
321		33.71
1066		33.64
3238		33.48
3097		33.44
1		33.33
13		33.33
124		33.33
154		33.33
167		33.33
169		33.33
218		33.33
277		33.33
301		33.33
386		33.33
411		33.33
491		33.33
572		33.33
573		33.33
653		33.33
670		33.33
693		33.33
706		33.33
742		33.33
895		33.33
1099		33.33
1101		33.33
1146		33.33
1167		33.33
1195		33.33
1214		33.33
1368		33.33
1382		33.33
1512		33.33
1534		33.33
1542		33.33
1564		33.33
1650		33.33
1751		33.33
1756		33.33
1807		33.33
1823		33.33
1837		33.33
1885		33.33
1928		33.33
2017		33.33
2126		33.33
2159		33.33
2180		33.33
2181		33.33
2237		33.33
2238		33.33
2288		33.33
2295		33.33
2437		33.33
2557		33.33
2648		33.33
2814		33.33
2838		33.33
2895		33.33
2904		33.33
2982		33.33
3003		33.33
3059		33.33
3064		33.33
3067		33.33
3108		33.33
3109		33.33
3123		33.33
3126		33.33
3179		33.33
3296		33.33
3348		33.33
3377		33.33
3454		33.33
3464		33.33
3551		33.33
3559		33.33
3568		33.33
3678		33.33
3734		33.33
3754		33.33
3755		33.33
3897		33.33
3928		33.33
3942		33.33
3995		33.33
4003		33.33
4007		33.33
4064		33.33
345		33.32
1301		33.04
3625		33.02
2211		32.97
2565		32.91
3345		32.84
2690		32.74
46		32.72
165		32.71
1121		32.66
1235		32.62
3415		32.53
432		32.48
1023		32.37
782		32.29
575		32.26
3768		32.26
3378		32.18
1838		32.15
2601		32.09
1068		32.05
1434		32.00
1543		31.94
3883		31.91
2107		31.82
2320		31.82
1793		31.58
2390		31.40
3287		31.32
1647		31.25
1667		31.25
4011		31.15
1295		31.12
2875		31.04
3161		30.86
2503		30.84
1237		30.81
279		30.77
700		30.77
1209		30.77
2204		30.77
2976		30.77
3148		30.77
3275		30.77
3923		30.77
3285		30.71
1155		30.69
1593		30.61
1610		30.57
3055		30.55
1469		30.51
74		30.34
290		30.00
446		30.00
547		30.00
673		30.00
1236		30.00
1260		30.00
1323		30.00
1429		30.00
1712		30.00
1950		30.00
2231		30.00
2910		30.00
2992		30.00
2327		29.73
1764		29.63
2014		29.63
2548		29.63
3277		29.58
1930		29.55
1265		29.41
2902		29.41
11		29.38
2955		29.37
300		29.33
368		29.23
2221		29.17
41		29.17
194		29.17
1634		29.17
3320		29.17
3410		29.03
2602		29.00
2114		28.86
3419		28.85
3312		28.77
2990		28.74
749		28.69
314		28.57
526		28.57
708		28.57
1803		28.57
1889		28.57
1902		28.57
1941		28.57
1995		28.57
2031		28.57
2164		28.57
2222		28.57
2264		28.57
2381		28.57
2873		28.57
3317		28.57
3469		28.57
3664		28.57
3761		28.57
1656		28.49
531		28.36
2662		28.35
729		28.35
1643		28.27
1396		28.19
1720		28.00
1890		27.94
3880		27.59
2582		27.50
3885		27.43
3327		27.42
296		27.27
690		27.27
738		27.27
2026		27.27
2568		27.27
2629		27.27
3052		27.27
1545		27.23
3058		27.21
2652		27.16
2740		27.04
3987		27.00
1191		26.96
677		26.92
2043		26.92
3430		26.85
2941		26.79
3176		26.79
1286		26.76
1267		26.67
1682		26.67
283		26.65
61		26.53
1639		26.47
1596		26.32
2468		26.32
3155		26.32
3436		26.30
4057		26.27
1954		26.17
3499		26.06
1416		25.94
544		25.93
2665		25.91
1169		25.81
1038		25.81
915		25.70
1410		25.68
1715		25.68
1834		25.65
711		25.64
1578		25.64
32		25.62
3558		25.48
2588		25.45
1333		25.33
806		25.29
709		25.23
2414		25.19
49		25.00
365		25.00
524		25.00
604		25.00
665		25.00
795		25.00
902		25.00
954		25.00
1062		25.00
1233		25.00
1288		25.00
1308		25.00
1373		25.00
1432		25.00
1464		25.00
1472		25.00
1537		25.00
1590		25.00
1603		25.00
1633		25.00
1686		25.00
1713		25.00
1919		25.00
1964		25.00
1965		25.00
1982		25.00
2013		25.00
2059		25.00
2210		25.00
2255		25.00
2330		25.00
2473		25.00
2618		25.00
2719		25.00
2880		25.00
2938		25.00
2978		25.00
3080		25.00
3122		25.00
3194		25.00
3195		25.00
3241		25.00
3309		25.00
3488		25.00
3535		25.00
3577		25.00
3641		25.00
3701		25.00
2047		24.94
494		24.83
3867		24.76
1829		24.73
1990		24.71
3225		24.69
1878		24.32
3342		24.32
1289		24.30
2018		24.24
1746		24.19
3710		24.18
2905		24.14
2685		24.10
740		23.96
1654		23.93
377		23.91
1856		23.86
2227		23.85
1363		23.81
2946		23.81
3368		23.75
3618		23.68
3563		23.63
3007		23.57
3817		23.53
3045		23.49
710		23.44
2551		23.42
1351		23.42
3140		23.38
1963		23.37
1032		23.25
2585		23.17
2400		23.08
2985		23.08
3022		23.08
3711		23.08
3886		23.08
4002		23.08
3361		23.04
2634		23.02
1093		22.89
1840		22.84
2627		22.68
2066		22.50
1392		22.43
705		22.35
155		22.22
203		22.22
1211		22.22
1943		22.22
2029		22.22
2046		22.22
2993		22.22
3013		22.22
3038		22.22
3362		22.22
3482		22.22
3614		22.22
3616		22.22
3653		22.22
3707		22.22
3950		22.20
2306		22.20
173		22.12
3271		22.08
3461		22.00
842		21.98
3248		21.90
1284		21.88
3648		21.88
1884		21.81
1983		21.77
864		21.69
3197		21.58
1822		21.46
667		21.43
2328		21.43
3916		21.43
3116		21.40
78		21.29
1241		21.28
1725		21.28
2253		21.21
684		21.19
3744		21.05
341		20.83
715		20.83
3075		20.83
2212		20.79
2350		20.74
3981		20.73
3961		20.70
247		20.57
1882		20.48
3704		20.47
1040		20.38
486		20.35
466		20.31
3750		20.25
3831		20.16
213		20.00
374		20.00
455		20.00
571		20.00
651		20.00
701		20.00
727		20.00
805		20.00
922		20.00
1041		20.00
1108		20.00
1206		20.00
1386		20.00
1403		20.00
1445		20.00
1474		20.00
1548		20.00
1551		20.00
1689		20.00
1695		20.00
1887		20.00
1904		20.00
1978		20.00
2002		20.00
2251		20.00
2343		20.00
2671		20.00
2893		20.00
2899		20.00
2937		20.00
3117		20.00
3134		20.00
3174		20.00
3182		20.00
3581		20.00
3695		20.00
3879		20.00
3882		20.00
968		19.94
1788		19.92
1960		19.83
1364		19.81
3884		19.79
2995		19.67
3418		19.67
482		19.51
1674		19.49
3771		19.48
2536		19.23
812		19.10
1350		19.05
1789		19.05
1538		19.01
1281		18.97
42		18.92
3350		18.92
1018		18.89
1034		18.87
3877		18.78
2578		18.75
3237		18.75
950		18.67
2550		18.64
958		18.46
3402		18.39
920		18.36
426		18.27
137		18.18
1031		18.18
1056		18.18
1346		18.18
1385		18.18
1753		18.18
3014		18.18
2561		17.95
1877		17.86
2078		17.84
2119		17.83
3580		17.81
451		17.65
1755		17.65
1765		17.65
2399		17.61
2901		17.60
2775		17.43
1381		17.39
3313		17.39
1383		17.32
1387		17.24
3955		17.24
2974		17.14
3480		17.13
3531		17.07
1567		17.02
2445		17.02
3374		17.02
125		17.00
680		16.98
906		16.87
2130		16.86
2153		16.82
149		16.81
1015		16.79
92		16.67
208		16.67
344		16.67
909		16.67
1344		16.67
1414		16.67
1426		16.67
1541		16.67
1592		16.67
1731		16.67
1784		16.67
1785		16.67
1979		16.67
2075		16.67
2317		16.67
2570		16.67
2574		16.67
2577		16.67
2659		16.67
2996		16.67
3147		16.67
3308		16.67
3401		16.67
3456		16.67
3460		16.67
3816		16.67
3871		16.67
3934		16.67
4071		16.67
2456		16.64
2792		16.51
1229		16.48
1698		16.48
319		16.39
2790		16.33
927		16.31
1552		16.30
865		16.13
3971		16.13
1906		15.99
3180		15.95
1660		15.93
2854		15.86
1053		15.79
3511		15.71
961		15.64
1897		15.62
658		15.49
2883		15.44
1116		15.42
205		15.38
897		15.38
1224		15.38
2205		15.38
2950		15.38
3441		15.38
1846		15.36
3244		15.32
1278		15.32
557		15.15
2469		15.07
1184		15.02
2182		15.00
414		14.85
294		14.71
1776		14.71
1352		14.63
1754		14.53
189		14.29
191		14.29
196		14.29
346		14.29
609		14.29
941		14.29
1329		14.29
1341		14.29
1423		14.29
1424		14.29
1550		14.29
1617		14.29
1718		14.29
2143		14.29
2346		14.29
2490		14.29
2579		14.29
2632		14.29
2876		14.29
2922		14.29
2939		14.29
2940		14.29
3120		14.29
3332		14.29
3449		14.29
3505		14.29
3533		14.29
3536		14.29
3612		14.29
3974		14.29
4009		14.29
725		14.25
554		14.16
1565		14.13
2385		14.01
2862		14.00
3295		13.95
2201		13.82
148		13.79
420		13.79
1300		13.79
2625		13.79
3606		13.79
3143		13.64
3620		13.64
1945		13.61
1813		13.45
1435		13.36
1853		13.33
3407		13.33
327		13.27
2033		13.16
3818		13.16
1091		13.14
1485		13.04
2653		12.66
2576		12.63
3956		12.56
143		12.50
437		12.50
542		12.50
607		12.50
1180		12.50
1417		12.50
1478		12.50
1863		12.50
2023		12.50
2044		12.50
2243		12.50
2334		12.50
2336		12.50
2344		12.50
2363		12.50
2886		12.50
3124		12.45
1707		12.44
931		12.41
3061		12.35
691		12.33
2049		12.32
1955		12.22
1531		12.21
135		12.16
956		12.12
2064		11.95
3458		11.83
2900		11.76
1601		11.71
3191		11.62
3639		11.61
887		11.49
79		11.45
2478		11.42
3178		11.40
1078		11.36
1205		11.29
3645		11.29
1071		11.27
401		11.24
312		11.11
454		11.11
663		11.11
723		11.11
985		11.11
1594		11.11
1608		11.11
1645		11.11
2337		11.11
2547		11.11
3263		11.11
3463		11.11
3609		11.11
3984		11.11
1714		11.04
241		11.03
305		10.95
2964		10.94
1869		10.81
3582		10.81
3986		10.63
1144		10.59
627		10.53
474		10.52
934		10.51
1356		10.50
3360		10.43
1198		10.38
1814		10.38
3863		10.34
2000		10.26
2019		10.24
2086		10.19
2353		10.11
1511		10.10
1379		10.00
1390		10.00
2050		10.00
2593		10.00
2722		10.00
2779		10.00
3922		10.00
3935		10.00
3945		10.00
3414		9.82
1334		9.58
1178		9.57
1185		9.52
2723		9.52
2997		9.52
1225		9.45
3516		9.43
3146		9.38
3738		9.38
1679		9.33
1861		9.31
1598		9.26
2052		9.26
3250		9.21
2562		9.21
2781		9.15
850		9.09
877		9.09
1271		9.09
1697		9.09
2020		9.09
2245		9.09
3706		9.09
3846		9.09
2973		8.99
3619		8.97
2447		8.94
2152		8.82
1953		8.78
3917		8.78
467		8.71
1519		8.70
1563		8.70
3412		8.70
104		8.57
3020		8.57
1612		8.54
1332		8.47
856		8.39
45		8.33
77		8.33
488		8.33
1058		8.33
2016		8.33
2298		8.33
3173		8.33
3307		8.33
3579		8.27
3730		8.26
404		8.26
3409		8.22
1970		8.17
3498		8.04
172		7.87
2065		7.85
140		7.69
1476		7.69
2761		7.69
3019		7.69
1802		7.53
1999		7.44
855		7.22
835		7.14
2776		7.14
2945		7.14
2979		7.14
3546		7.14
3548		7.14
3842		7.11
1177		7.08
170		7.02
2885		7.01
1150		6.99
726		6.84
3177		6.79
406		6.70
1394		6.67
3740		6.67
47		6.65
1297		6.61
2459		6.52
1909		6.51
179		6.34
1477		6.27
434		6.25
1670		6.25
1768		6.25
1811		6.25
2246		6.25
1908		6.15
157		6.15
2644		6.06
1054		6.00
452		5.88
1294		5.88
3404		5.88
3623		5.88
3732		5.88
2063		5.80
2643		5.68
1199		5.66
1085		5.63
1716		5.62
816		5.58
724		5.56
3621		5.45
2595		5.26
2258		5.03
929		4.92
3547		4.92
2147		4.84
803		4.55
1371		4.55
2959		4.35
3910		4.35
3739		4.26
1322		4.17
1539		4.17
3169		4.12
3906		4.05
1384		4.00
3190		3.97
2338		3.94
3850		3.86
3119		3.83
3900		3.52
2948		3.45
3489		3.40
3487		3.39
3432		3.31
3008		3.23
138		3.12
3728		3.07
1763		3.03
3628		3.03
2581		2.94
612		2.27
2003		2.00
2477		1.96
139		1.64
174		1.59
1370		1.34
1343		1.30
1532		1.04
2266		0.99
2		0.00
6		0.00
8		0.00
28		0.00
35		0.00
50		0.00
55		0.00
62		0.00
67		0.00
69		0.00
75		0.00
83		0.00
84		0.00
85		0.00
94		0.00
96		0.00
97		0.00
107		0.00
110		0.00
121		0.00
126		0.00
128		0.00
130		0.00
133		0.00
136		0.00
142		0.00
144		0.00
146		0.00
150		0.00
151		0.00
158		0.00
159		0.00
160		0.00
168		0.00
171		0.00
180		0.00
197		0.00
200		0.00
219		0.00
235		0.00
249		0.00
259		0.00
265		0.00
276		0.00
287		0.00
288		0.00
289		0.00
291		0.00
293		0.00
299		0.00
303		0.00
304		0.00
322		0.00
329		0.00
340		0.00
343		0.00
367		0.00
369		0.00
371		0.00
372		0.00
400		0.00
403		0.00
407		0.00
412		0.00
421		0.00
431		0.00
433		0.00
435		0.00
447		0.00
448		0.00
450		0.00
453		0.00
463		0.00
464		0.00
465		0.00
468		0.00
473		0.00
475		0.00
484		0.00
489		0.00
493		0.00
496		0.00
522		0.00
528		0.00
529		0.00
541		0.00
543		0.00
545		0.00
546		0.00
549		0.00
551		0.00
558		0.00
562		0.00
564		0.00
585		0.00
590		0.00
593		0.00
595		0.00
597		0.00
599		0.00
602		0.00
605		0.00
610		0.00
613		0.00
623		0.00
624		0.00
626		0.00
633		0.00
644		0.00
657		0.00
659		0.00
660		0.00
662		0.00
681		0.00
686		0.00
689		0.00
694		0.00
696		0.00
704		0.00
721		0.00
728		0.00
732		0.00
736		0.00
741		0.00
748		0.00
751		0.00
768		0.00
769		0.00
771		0.00
774		0.00
776		0.00
792		0.00
810		0.00
815		0.00
817		0.00
819		0.00
820		0.00
823		0.00
828		0.00
829		0.00
840		0.00
848		0.00
852		0.00
854		0.00
858		0.00
861		0.00
869		0.00
871		0.00
881		0.00
885		0.00
891		0.00
893		0.00
905		0.00
908		0.00
932		0.00
938		0.00
946		0.00
951		0.00
955		0.00
957		0.00
966		0.00
967		0.00
971		0.00
976		0.00
978		0.00
987		0.00
991		0.00
992		0.00
996		0.00
1008		0.00
1022		0.00
1030		0.00
1036		0.00
1037		0.00
1044		0.00
1063		0.00
1064		0.00
1067		0.00
1073		0.00
1075		0.00
1087		0.00
1102		0.00
1103		0.00
1109		0.00
1118		0.00
1119		0.00
1120		0.00
1125		0.00
1135		0.00
1145		0.00
1153		0.00
1154		0.00
1157		0.00
1159		0.00
1170		0.00
1175		0.00
1183		0.00
1188		0.00
1189		0.00
1190		0.00
1196		0.00
1219		0.00
1221		0.00
1223		0.00
1232		0.00
1234		0.00
1239		0.00
1252		0.00
1257		0.00
1259		0.00
1263		0.00
1264		0.00
1270		0.00
1272		0.00
1275		0.00
1280		0.00
1287		0.00
1298		0.00
1306		0.00
1310		0.00
1316		0.00
1320		0.00
1327		0.00
1330		0.00
1331		0.00
1335		0.00
1336		0.00
1338		0.00
1339		0.00
1345		0.00
1353		0.00
1357		0.00
1358		0.00
1359		0.00
1360		0.00
1365		0.00
1372		0.00
1377		0.00
1388		0.00
1389		0.00
1399		0.00
1411		0.00
1413		0.00
1419		0.00
1425		0.00
1430		0.00
1433		0.00
1438		0.00
1440		0.00
1455		0.00
1456		0.00
1459		0.00
1466		0.00
1467		0.00
1471		0.00
1487		0.00
1490		0.00
1492		0.00
1494		0.00
1498		0.00
1501		0.00
1510		0.00
1514		0.00
1516		0.00
1517		0.00
1518		0.00
1533		0.00
1536		0.00
1546		0.00
1549		0.00
1557		0.00
1558		0.00
1562		0.00
1570		0.00
1586		0.00
1599		0.00
1600		0.00
1606		0.00
1609		0.00
1613		0.00
1623		0.00
1631		0.00
1635		0.00
1637		0.00
1641		0.00
1644		0.00
1651		0.00
1658		0.00
1661		0.00
1662		0.00
1665		0.00
1666		0.00
1672		0.00
1675		0.00
1676		0.00
1681		0.00
1700		0.00
1719		0.00
1730		0.00
1749		0.00
1750		0.00
1757		0.00
1770		0.00
1775		0.00
1786		0.00
1787		0.00
1796		0.00
1805		0.00
1821		0.00
1826		0.00
1832		0.00
1833		0.00
1836		0.00
1854		0.00
1859		0.00
1867		0.00
1870		0.00
1872		0.00
1873		0.00
1879		0.00
1881		0.00
1892		0.00
1893		0.00
1898		0.00
1901		0.00
1903		0.00
1905		0.00
1907		0.00
1910		0.00
1911		0.00
1913		0.00
1915		0.00
1932		0.00
1942		0.00
1949		0.00
1952		0.00
1956		0.00
1958		0.00
1967		0.00
1972		0.00
1974		0.00
1976		0.00
1977		0.00
1981		0.00
1984		0.00
1989		0.00
1998		0.00
2001		0.00
2004		0.00
2005		0.00
2010		0.00
2012		0.00
2021		0.00
2022		0.00
2025		0.00
2030		0.00
2041		0.00
2055		0.00
2080		0.00
2100		0.00
2101		0.00
2103		0.00
2109		0.00
2127		0.00
2146		0.00
2157		0.00
2165		0.00
2169		0.00
2195		0.00
2196		0.00
2203		0.00
2206		0.00
2217		0.00
2220		0.00
2225		0.00
2226		0.00
2267		0.00
2279		0.00
2290		0.00
2292		0.00
2303		0.00
2309		0.00
2311		0.00
2318		0.00
2319		0.00
2333		0.00
2340		0.00
2341		0.00
2342		0.00
2347		0.00
2348		0.00
2351		0.00
2366		0.00
2388		0.00
2395		0.00
2397		0.00
2403		0.00
2405		0.00
2406		0.00
2409		0.00
2425		0.00
2426		0.00
2434		0.00
2443		0.00
2448		0.00
2451		0.00
2453		0.00
2457		0.00
2462		0.00
2464		0.00
2471		0.00
2474		0.00
2475		0.00
2506		0.00
2508		0.00
2514		0.00
2535		0.00
2537		0.00
2538		0.00
2542		0.00
2555		0.00
2556		0.00
2559		0.00
2566		0.00
2567		0.00
2575		0.00
2590		0.00
2596		0.00
2603		0.00
2623		0.00
2624		0.00
2626		0.00
2630		0.00
2637		0.00
2642		0.00
2649		0.00
2656		0.00
2661		0.00
2663		0.00
2664		0.00
2666		0.00
2678		0.00
2682		0.00
2695		0.00
2697		0.00
2698		0.00
2703		0.00
2712		0.00
2747		0.00
2752		0.00
2758		0.00
2759		0.00
2768		0.00
2769		0.00
2770		0.00
2777		0.00
2791		0.00
2793		0.00
2805		0.00
2807		0.00
2811		0.00
2847		0.00
2857		0.00
2858		0.00
2859		0.00
2877		0.00
2878		0.00
2879		0.00
2882		0.00
2892		0.00
2896		0.00
2897		0.00
2912		0.00
2914		0.00
2923		0.00
2930		0.00
2935		0.00
2943		0.00
2949		0.00
2968		0.00
2975		0.00
2980		0.00
2981		0.00
2984		0.00
2988		0.00
2998		0.00
3002		0.00
3005		0.00
3006		0.00
3016		0.00
3023		0.00
3033		0.00
3037		0.00
3042		0.00
3050		0.00
3054		0.00
3056		0.00
3062		0.00
3065		0.00
3069		0.00
3073		0.00
3076		0.00
3084		0.00
3085		0.00
3088		0.00
3090		0.00
3110		0.00
3112		0.00
3118		0.00
3127		0.00
3136		0.00
3137		0.00
3138		0.00
3149		0.00
3154		0.00
3158		0.00
3159		0.00
3163		0.00
3168		0.00
3172		0.00
3181		0.00
3187		0.00
3188		0.00
3199		0.00
3201		0.00
3202		0.00
3204		0.00
3220		0.00
3223		0.00
3224		0.00
3230		0.00
3234		0.00
3235		0.00
3236		0.00
3239		0.00
3243		0.00
3269		0.00
3282		0.00
3286		0.00
3292		0.00
3293		0.00
3302		0.00
3306		0.00
3310		0.00
3333		0.00
3334		0.00
3344		0.00
3347		0.00
3352		0.00
3355		0.00
3373		0.00
3390		0.00
3392		0.00
3395		0.00
3397		0.00
3403		0.00
3405		0.00
3406		0.00
3411		0.00
3413		0.00
3451		0.00
3471		0.00
3472		0.00
3473		0.00
3475		0.00
3481		0.00
3484		0.00
3500		0.00
3506		0.00
3508		0.00
3509		0.00
3515		0.00
3529		0.00
3550		0.00
3555		0.00
3562		0.00
3569		0.00
3578		0.00
3585		0.00
3599		0.00
3605		0.00
3610		0.00
3613		0.00
3615		0.00
3617		0.00
3622		0.00
3630		0.00
3635		0.00
3636		0.00
3638		0.00
3659		0.00
3679		0.00
3693		0.00
3699		0.00
3705		0.00
3708		0.00
3724		0.00
3731		0.00
3743		0.00
3764		0.00
3765		0.00
3774		0.00
3780		0.00
3792		0.00
3798		0.00
3802		0.00
3810		0.00
3811		0.00
3830		0.00
3836		0.00
3841		0.00
3843		0.00
3847		0.00
3848		0.00
3855		0.00
3861		0.00
3862		0.00
3866		0.00
3881		0.00
3899		0.00
3902		0.00
3905		0.00
3907		0.00
3909		0.00
3911		0.00
3914		0.00
3920		0.00
3936		0.00
3943		0.00
3949		0.00
3951		0.00
3953		0.00
3954		0.00
3960		0.00
3970		0.00
3972		0.00
3980		0.00
3982		0.00
3988		0.00
3990		0.00
4000		0.00
4008		0.00
4012		0.00
4017		0.00
4022		0.00
4038		0.00
4041		0.00
4049		0.00
4050		0.00
4054		0.00
4061		0.00
4063		0.00
4065		0.00
4067		0.00
4069		0.00



